100.000000  0.000000  60.000000  0.000000  0.000000  5.000000
87.500000  -0.000046  60.000000  0.000000  0.000000  5.000000
100.000000  -10.637369  60.000000  0.000000  0.000000  4.976120
87.500000  -10.685977  60.000000  0.000000  0.000000  4.976166
75.000000  0.000117  60.000000  0.000000  0.000000  5.000000
75.000000  -10.725239  60.000000  0.000000  0.000000  4.976158
62.500000  -0.000129  60.000000  0.000000  0.000000  5.000000
62.500000  -10.757366  60.000000  0.000000  0.000000  4.976143
50.000000  0.000031  60.000000  0.000000  0.000000  5.000000
50.000000  -10.782326  60.000000  0.000000  0.000000  4.976143
37.500000  0.000051  60.000000  0.000000  0.000000  5.000000
37.500000  -10.801134  60.000000  0.000000  0.000000  4.976143
25.000000  -0.000078  60.000000  0.000000  0.000000  5.000000
25.000000  -10.814345  60.000000  0.000000  0.000000  4.976143
12.500000  0.000068  60.000000  0.000000  0.000000  5.000000
12.500000  -10.821977  60.000000  0.000000  0.000000  4.976143
-0.000000  0.000000  60.000000  0.000000  0.000000  5.000000
-0.000000  -10.824600  60.000000  0.000000  0.000000  4.976143
-12.500000  0.000068  60.000000  0.000000  0.000000  5.000000
-12.500000  -10.821977  60.000000  0.000000  0.000000  4.976143
-25.000000  -0.000078  60.000000  0.000000  0.000000  5.000000
-25.000000  -10.814345  60.000000  0.000000  0.000000  4.976143
-37.500000  0.000051  60.000000  0.000000  0.000000  5.000000
-37.500000  -10.801134  60.000000  0.000000  0.000000  4.976143
-50.000000  0.000031  60.000000  0.000000  0.000000  5.000000
-50.000000  -10.782326  60.000000  0.000000  0.000000  4.976143
-62.500000  -0.000129  60.000000  0.000000  0.000000  5.000000
-62.500000  -10.757366  60.000000  0.000000  0.000000  4.976143
-75.000000  0.000117  60.000000  0.000000  0.000000  5.000000
-75.000000  -10.725239  60.000000  0.000000  0.000000  4.976158
-87.500000  -0.000046  60.000000  0.000000  0.000000  5.000000
-87.500000  -10.685977  60.000000  0.000000  0.000000  4.976166
-100.000000  0.000000  60.000000  0.000000  0.000000  5.000000
-100.000000  -10.637369  60.000000  0.000000  0.000000  4.976120
100.000000  -86.233406  60.000000  0.000000  0.000000  2.492287
87.500000  -86.351089  60.000000  0.000000  0.000000  2.493706
75.000000  -86.431282  60.000000  0.000000  0.000000  2.494026
62.500000  -86.488548  60.000000  0.000000  0.000000  2.493958
50.000000  -86.529999  60.000000  0.000000  0.000000  2.493771
37.500000  -86.559570  60.000000  0.000000  0.000000  2.493587
25.000000  -86.579552  60.000000  0.000000  0.000000  2.493446
12.500000  -86.591148  60.000000  0.000000  0.000000  2.493366
-0.000000  -86.594955  60.000000  0.000000  0.000000  2.493340
-12.500000  -86.591148  60.000000  0.000000  0.000000  2.493366
-25.000000  -86.579552  60.000000  0.000000  0.000000  2.493446
-37.500000  -86.559570  60.000000  0.000000  0.000000  2.493587
-50.000000  -86.529999  60.000000  0.000000  0.000000  2.493771
-62.500000  -86.488548  60.000000  0.000000  0.000000  2.493958
-75.000000  -86.431282  60.000000  0.000000  0.000000  2.494026
-87.500000  -86.351089  60.000000  0.000000  0.000000  2.493706
-100.000000  -86.233406  60.000000  0.000000  0.000000  2.492287
100.000000  -79.575745  60.000000  0.000000  0.000000  2.978779
87.500000  -79.723557  60.000000  0.000000  0.000000  2.980473
75.000000  -79.825516  60.000000  0.000000  0.000000  2.980881
62.500000  -79.898476  60.000000  0.000000  0.000000  2.980801
50.000000  -79.951569  60.000000  0.000000  0.000000  2.980591
37.500000  -79.989685  60.000000  0.000000  0.000000  2.980392
25.000000  -80.015518  60.000000  0.000000  0.000000  2.980244
12.500000  -80.030533  60.000000  0.000000  0.000000  2.980156
-0.000000  -80.035461  60.000000  0.000000  0.000000  2.980125
-12.500000  -80.030533  60.000000  0.000000  0.000000  2.980156
-25.000000  -80.015518  60.000000  0.000000  0.000000  2.980244
-37.500000  -79.989685  60.000000  0.000000  0.000000  2.980392
-50.000000  -79.951569  60.000000  0.000000  0.000000  2.980591
-62.500000  -79.898476  60.000000  0.000000  0.000000  2.980801
-75.000000  -79.825516  60.000000  0.000000  0.000000  2.980881
-87.500000  -79.723557  60.000000  0.000000  0.000000  2.980473
-100.000000  -79.575745  60.000000  0.000000  0.000000  2.978779
87.500000  -72.696068  60.000000  0.000000  0.000000  3.413483
75.000000  -72.814606  60.000000  0.000000  0.000000  3.413914
62.500000  -72.900070  60.000000  0.000000  0.000000  3.413818
50.000000  -72.962692  60.000000  0.000000  0.000000  3.413589
37.500000  -73.007957  60.000000  0.000000  0.000000  3.413380
25.000000  -73.038757  60.000000  0.000000  0.000000  3.413231
12.500000  -73.056679  60.000000  0.000000  0.000000  3.413143
-0.000000  -73.062576  60.000000  0.000000  0.000000  3.413116
-12.500000  -73.056679  60.000000  0.000000  0.000000  3.413143
-25.000000  -73.038757  60.000000  0.000000  0.000000  3.413231
-37.500000  -73.007957  60.000000  0.000000  0.000000  3.413380
-50.000000  -72.962692  60.000000  0.000000  0.000000  3.413589
-62.500000  -72.900070  60.000000  0.000000  0.000000  3.413818
-75.000000  -72.814606  60.000000  0.000000  0.000000  3.413914
-87.500000  -72.696068  60.000000  0.000000  0.000000  3.413483
87.500000  -65.235199  60.000000  0.000000  0.000000  3.792702
75.000000  -65.364075  60.000000  0.000000  0.000000  3.793095
62.500000  -65.458145  60.000000  0.000000  0.000000  3.792984
50.000000  -65.527687  60.000000  0.000000  0.000000  3.792759
37.500000  -65.578308  60.000000  0.000000  0.000000  3.792564
25.000000  -65.612900  60.000000  0.000000  0.000000  3.792431
12.500000  -65.633057  60.000000  0.000000  0.000000  3.792351
-0.000000  -65.639702  60.000000  0.000000  0.000000  3.792328
-12.500000  -65.633057  60.000000  0.000000  0.000000  3.792351
-25.000000  -65.612900  60.000000  0.000000  0.000000  3.792431
-37.500000  -65.578308  60.000000  0.000000  0.000000  3.792564
-50.000000  -65.527687  60.000000  0.000000  0.000000  3.792759
-62.500000  -65.458145  60.000000  0.000000  0.000000  3.792984
-75.000000  -65.364075  60.000000  0.000000  0.000000  3.793095
-87.500000  -65.235199  60.000000  0.000000  0.000000  3.792702
-100.000000  -68.979286  60.000000  0.000000  0.000000  3.601223
87.500000  -57.317871  60.000000  0.000000  0.000000  4.118507
75.000000  -57.450066  60.000000  0.000000  0.000000  4.118820
62.500000  -57.548107  60.000000  0.000000  0.000000  4.118706
50.000000  -57.621414  60.000000  0.000000  0.000000  4.118507
37.500000  -57.675121  60.000000  0.000000  0.000000  4.118340
25.000000  -57.711967  60.000000  0.000000  0.000000  4.118233
12.500000  -57.733494  60.000000  0.000000  0.000000  4.118179
-0.000000  -57.740585  60.000000  0.000000  0.000000  4.118156
-12.500000  -57.733494  60.000000  0.000000  0.000000  4.118179
-25.000000  -57.711967  60.000000  0.000000  0.000000  4.118233
-37.500000  -57.675121  60.000000  0.000000  0.000000  4.118340
-50.000000  -57.621414  60.000000  0.000000  0.000000  4.118507
-62.500000  -57.548107  60.000000  0.000000  0.000000  4.118706
-75.000000  -57.450066  60.000000  0.000000  0.000000  4.118820
-87.500000  -57.317871  60.000000  0.000000  0.000000  4.118507
-100.000000  -63.187038  60.000000  0.000000  0.000000  3.874447
87.500000  -48.930950  60.000000  0.000000  0.000000  4.391640
75.000000  -49.059055  60.000000  0.000000  0.000000  4.391838
62.500000  -49.155830  60.000000  0.000000  0.000000  4.391724
50.000000  -49.229084  60.000000  0.000000  0.000000  4.391571
37.500000  -49.283085  60.000000  0.000000  0.000000  4.391449
25.000000  -49.320255  60.000000  0.000000  0.000000  4.391373
12.500000  -49.342030  60.000000  0.000000  0.000000  4.391327
-0.000000  -49.349197  60.000000  0.000000  0.000000  4.391312
-12.500000  -49.342030  60.000000  0.000000  0.000000  4.391327
-25.000000  -49.320255  60.000000  0.000000  0.000000  4.391373
-37.500000  -49.283085  60.000000  0.000000  0.000000  4.391449
-50.000000  -49.229084  60.000000  0.000000  0.000000  4.391571
-62.500000  -49.155830  60.000000  0.000000  0.000000  4.391724
-75.000000  -49.059055  60.000000  0.000000  0.000000  4.391838
-87.500000  -48.930950  60.000000  0.000000  0.000000  4.391640
-100.000000  -57.135281  60.000000  0.000000  0.000000  4.117058
87.500000  -40.069256  60.000000  0.000000  0.000000  4.612976
75.000000  -40.185860  60.000000  0.000000  0.000000  4.613075
62.500000  -40.275719  60.000000  0.000000  0.000000  4.612976
50.000000  -40.344521  60.000000  0.000000  0.000000  4.612869
37.500000  -40.395512  60.000000  0.000000  0.000000  4.612793
25.000000  -40.430729  60.000000  0.000000  0.000000  4.612747
12.500000  -40.451401  60.000000  0.000000  0.000000  4.612717
-0.000000  -40.458214  60.000000  0.000000  0.000000  4.612709
-12.500000  -40.451401  60.000000  0.000000  0.000000  4.612717
-25.000000  -40.430729  60.000000  0.000000  0.000000  4.612747
-37.500000  -40.395512  60.000000  0.000000  0.000000  4.612793
-50.000000  -40.344521  60.000000  0.000000  0.000000  4.612869
-62.500000  -40.275719  60.000000  0.000000  0.000000  4.612976
-75.000000  -40.185860  60.000000  0.000000  0.000000  4.613075
-87.500000  -40.069256  60.000000  0.000000  0.000000  4.612976
-100.000000  -44.234737  60.000000  0.000000  0.000000  4.511757
87.500000  -30.734936  60.000000  0.000000  0.000000  4.783508
75.000000  -30.832762  60.000000  0.000000  0.000000  4.783531
62.500000  -30.909695  60.000000  0.000000  0.000000  4.783463
50.000000  -30.969158  60.000000  0.000000  0.000000  4.783409
37.500000  -31.013439  60.000000  0.000000  0.000000  4.783371
25.000000  -31.044134  60.000000  0.000000  0.000000  4.783348
12.500000  -31.062160  60.000000  0.000000  0.000000  4.783333
-0.000000  -31.068123  60.000000  0.000000  0.000000  4.783325
-12.500000  -31.062160  60.000000  0.000000  0.000000  4.783333
-25.000000  -31.044134  60.000000  0.000000  0.000000  4.783348
-37.500000  -31.013439  60.000000  0.000000  0.000000  4.783371
-50.000000  -30.969158  60.000000  0.000000  0.000000  4.783409
-62.500000  -30.909695  60.000000  0.000000  0.000000  4.783463
-75.000000  -30.832762  60.000000  0.000000  0.000000  4.783531
-87.500000  -30.734936  60.000000  0.000000  0.000000  4.783508
-100.000000  -37.548096  60.000000  0.000000  0.000000  4.661301
100.000000  -20.844791  60.000000  0.000000  0.000000  4.904068
87.500000  -20.936235  60.000000  0.000000  0.000000  4.904259
100.000000  -30.607588  60.000000  0.000000  0.000000  4.783073
75.000000  -21.008209  60.000000  0.000000  0.000000  4.904243
62.500000  -21.065937  60.000000  0.000000  0.000000  4.904213
50.000000  -21.110828  60.000000  0.000000  0.000000  4.904190
37.500000  -21.144423  60.000000  0.000000  0.000000  4.904182
25.000000  -21.167820  60.000000  0.000000  0.000000  4.904175
12.500000  -21.181520  60.000000  0.000000  0.000000  4.904175
-0.000000  -21.186100  60.000000  0.000000  0.000000  4.904167
-12.500000  -21.181520  60.000000  0.000000  0.000000  4.904175
-25.000000  -21.167820  60.000000  0.000000  0.000000  4.904175
-37.500000  -21.144423  60.000000  0.000000  0.000000  4.904182
-50.000000  -21.110828  60.000000  0.000000  0.000000  4.904190
-62.500000  -21.065937  60.000000  0.000000  0.000000  4.904213
-75.000000  -21.008209  60.000000  0.000000  0.000000  4.904243
-87.500000  -20.936235  60.000000  0.000000  0.000000  4.904259
-100.000000  -20.844791  60.000000  0.000000  0.000000  4.904068
-100.000000  -30.607588  60.000000  0.000000  0.000000  4.783073
-100.000000  -74.391899  60.000000  0.000000  0.000000  3.304729
100.000000  -74.391899  60.000000  0.000000  0.000000  3.304729
100.000000  -68.979286  60.000000  0.000000  0.000000  3.601223
100.000000  -63.187038  60.000000  0.000000  0.000000  3.874447
-100.000000  -50.818787  60.000000  0.000000  0.000000  4.329376
100.000000  -50.818787  60.000000  0.000000  0.000000  4.329376
100.000000  -44.234737  60.000000  0.000000  0.000000  4.511757
100.000000  -37.548096  60.000000  0.000000  0.000000  4.661301
100.000000  -57.135281  60.000000  0.000000  0.000000  4.117058
87.500000  -108.065704  14.257112  0.000000  -1.273384  0.224532
75.000000  -108.065666  14.257327  0.000000  -1.271896  0.224270
62.500000  -108.065643  14.257449  0.000000  -1.271117  0.224132
50.000000  -108.065636  14.257490  0.000000  -1.270895  0.224093
37.500000  -108.065636  14.257518  0.000000  -1.270732  0.224064
25.000000  -108.065628  14.257529  0.000000  -1.270666  0.224052
12.500000  -108.065628  14.257526  0.000000  -1.270696  0.224058
0.000000  -108.065628  14.257524  0.000000  -1.270718  0.224062
-12.500000  -108.065628  14.257526  0.000000  -1.270696  0.224058
-25.000000  -108.065628  14.257529  0.000000  -1.270666  0.224052
-37.500000  -108.065636  14.257518  0.000000  -1.270732  0.224064
-50.000000  -108.065636  14.257490  0.000000  -1.270895  0.224093
-62.500000  -108.065643  14.257449  0.000000  -1.271117  0.224132
-75.000000  -108.065666  14.257327  0.000000  -1.271896  0.224270
-87.500000  -108.065704  14.257112  0.000000  -1.273384  0.224532
87.500000  -107.217186  19.069317  0.000000  -1.750522  0.308664
75.000000  -107.217117  19.069685  0.000000  -1.748015  0.308222
62.500000  -107.217079  19.069901  0.000000  -1.746718  0.307993
50.000000  -107.217064  19.069996  0.000000  -1.746224  0.307906
37.500000  -107.217056  19.070045  0.000000  -1.745973  0.307862
25.000000  -107.217049  19.070070  0.000000  -1.745863  0.307843
12.500000  -107.217049  19.070080  0.000000  -1.745834  0.307837
0.000000  -107.217049  19.070080  0.000000  -1.745834  0.307838
-12.500000  -107.217049  19.070080  0.000000  -1.745834  0.307837
-25.000000  -107.217049  19.070070  0.000000  -1.745863  0.307843
-37.500000  -107.217056  19.070045  0.000000  -1.745973  0.307862
-50.000000  -107.217064  19.069996  0.000000  -1.746224  0.307906
-62.500000  -107.217079  19.069901  0.000000  -1.746718  0.307993
-75.000000  -107.217117  19.069685  0.000000  -1.748015  0.308222
-87.500000  -107.217186  19.069317  0.000000  -1.750522  0.308664
-100.000000  -107.468613  17.643389  0.000000  -1.604851  0.282978
87.500000  -105.945633  26.280663  0.000000  -2.478718  0.437065
75.000000  -105.945572  26.280998  0.000000  -2.476557  0.436683
62.500000  -105.945526  26.281235  0.000000  -2.475339  0.436469
50.000000  -105.945511  26.281345  0.000000  -2.474901  0.436392
37.500000  -105.945496  26.281406  0.000000  -2.474714  0.436359
25.000000  -105.945496  26.281439  0.000000  -2.474643  0.436346
12.500000  -105.945488  26.281454  0.000000  -2.474615  0.436341
0.000000  -105.945488  26.281458  0.000000  -2.474608  0.436340
-12.500000  -105.945488  26.281454  0.000000  -2.474615  0.436341
-25.000000  -105.945496  26.281439  0.000000  -2.474643  0.436346
-37.500000  -105.945496  26.281406  0.000000  -2.474714  0.436359
-50.000000  -105.945511  26.281345  0.000000  -2.474901  0.436392
-62.500000  -105.945526  26.281235  0.000000  -2.475339  0.436469
-75.000000  -105.945572  26.280998  0.000000  -2.476557  0.436683
-87.500000  -105.945633  26.280663  0.000000  -2.478718  0.437065
-100.000000  -106.388954  23.766436  0.000000  -2.220329  0.391504
87.500000  -105.310043  29.885235  0.000000  -2.833272  0.499582
75.000000  -105.310013  29.885447  0.000000  -2.832043  0.499365
62.500000  -105.309975  29.885624  0.000000  -2.831326  0.499239
50.000000  -105.309959  29.885708  0.000000  -2.831158  0.499209
37.500000  -105.309952  29.885752  0.000000  -2.831128  0.499204
25.000000  -105.309952  29.885778  0.000000  -2.831147  0.499207
12.500000  -105.309952  29.885790  0.000000  -2.831165  0.499210
0.000000  -105.309952  29.885792  0.000000  -2.831173  0.499212
-12.500000  -105.309952  29.885790  0.000000  -2.831165  0.499210
-25.000000  -105.309952  29.885778  0.000000  -2.831147  0.499207
-37.500000  -105.309952  29.885752  0.000000  -2.831128  0.499204
-50.000000  -105.309959  29.885708  0.000000  -2.831158  0.499209
-62.500000  -105.309975  29.885624  0.000000  -2.831326  0.499239
-75.000000  -105.310013  29.885447  0.000000  -2.832043  0.499365
-87.500000  -105.310043  29.885235  0.000000  -2.833272  0.499582
-100.000000  -105.309853  29.886341  0.000000  -2.825136  0.498147
87.500000  -104.356529  35.292919  0.000000  -3.336680  0.588346
75.000000  -104.356537  35.292881  0.000000  -3.337261  0.588449
62.500000  -104.356529  35.292915  0.000000  -3.337626  0.588513
50.000000  -104.356529  35.292919  0.000000  -3.338047  0.588587
37.500000  -104.356522  35.292923  0.000000  -3.338352  0.588641
25.000000  -104.356522  35.292923  0.000000  -3.338566  0.588679
12.500000  -104.356522  35.292927  0.000000  -3.338688  0.588700
0.000000  -104.356522  35.292927  0.000000  -3.338727  0.588707
-12.500000  -104.356522  35.292927  0.000000  -3.338688  0.588700
-25.000000  -104.356522  35.292923  0.000000  -3.338566  0.588679
-37.500000  -104.356522  35.292923  0.000000  -3.338352  0.588641
-50.000000  -104.356529  35.292919  0.000000  -3.338047  0.588587
-62.500000  -104.356529  35.292915  0.000000  -3.337626  0.588513
-75.000000  -104.356537  35.292881  0.000000  -3.337261  0.588449
-87.500000  -104.356529  35.292919  0.000000  -3.336680  0.588346
87.500000  -103.402504  40.703465  0.000000  -3.791873  0.668609
75.000000  -103.402542  40.703220  0.000000  -3.793958  0.668977
62.500000  -103.402565  40.703110  0.000000  -3.795243  0.669203
50.000000  -103.402580  40.703041  0.000000  -3.796192  0.669371
37.500000  -103.402588  40.702999  0.000000  -3.796772  0.669473
25.000000  -103.402588  40.702972  0.000000  -3.797149  0.669539
12.500000  -103.402588  40.702953  0.000000  -3.797382  0.669581
0.000000  -103.402596  40.702953  0.000000  -3.797458  0.669594
-12.500000  -103.402588  40.702953  0.000000  -3.797382  0.669581
-25.000000  -103.402588  40.702972  0.000000  -3.797149  0.669539
-37.500000  -103.402588  40.702999  0.000000  -3.796772  0.669473
-50.000000  -103.402580  40.703041  0.000000  -3.796192  0.669371
-62.500000  -103.402565  40.703110  0.000000  -3.795243  0.669203
-75.000000  -103.402542  40.703220  0.000000  -3.793958  0.668977
-87.500000  -103.402504  40.703465  0.000000  -3.791873  0.668609
-100.000000  -104.230637  36.006889  0.000000  -3.390925  0.597911
87.500000  -102.925201  43.410362  0.000000  -3.997275  0.704827
75.000000  -102.925255  43.410065  0.000000  -3.999701  0.705255
62.500000  -102.925278  43.409920  0.000000  -4.001141  0.705509
50.000000  -102.925301  43.409824  0.000000  -4.002208  0.705697
37.500000  -102.925308  43.409771  0.000000  -4.002816  0.705804
25.000000  -102.925316  43.409740  0.000000  -4.003207  0.705873
12.500000  -102.925316  43.409718  0.000000  -4.003478  0.705921
0.000000  -102.925316  43.409710  0.000000  -4.003576  0.705938
-12.500000  -102.925316  43.409718  0.000000  -4.003478  0.705921
-25.000000  -102.925316  43.409740  0.000000  -4.003207  0.705873
-37.500000  -102.925308  43.409771  0.000000  -4.002816  0.705804
-50.000000  -102.925301  43.409824  0.000000  -4.002208  0.705697
-62.500000  -102.925278  43.409920  0.000000  -4.001141  0.705509
-75.000000  -102.925255  43.410065  0.000000  -3.999701  0.705255
-87.500000  -102.925201  43.410362  0.000000  -3.997275  0.704827
-100.000000  -103.150772  42.131084  0.000000  -3.895071  0.686806
87.500000  -102.447670  46.118580  0.000000  -4.186042  0.738112
75.000000  -102.447723  46.118294  0.000000  -4.188355  0.738520
62.500000  -102.447746  46.118153  0.000000  -4.189643  0.738747
50.000000  -102.447762  46.118050  0.000000  -4.190655  0.738925
37.500000  -102.447769  46.118008  0.000000  -4.191166  0.739015
25.000000  -102.447777  46.117973  0.000000  -4.191504  0.739075
12.500000  -102.447784  46.117947  0.000000  -4.191782  0.739124
0.000000  -102.447784  46.117935  0.000000  -4.191894  0.739143
-12.500000  -102.447784  46.117947  0.000000  -4.191782  0.739124
-25.000000  -102.447777  46.117973  0.000000  -4.191504  0.739075
-37.500000  -102.447769  46.118008  0.000000  -4.191166  0.739015
-50.000000  -102.447762  46.118050  0.000000  -4.190655  0.738925
-62.500000  -102.447746  46.118153  0.000000  -4.189643  0.738747
-75.000000  -102.447723  46.118294  0.000000  -4.188355  0.738520
-87.500000  -102.447670  46.118580  0.000000  -4.186042  0.738112
-100.000000  -102.321678  46.833141  0.000000  -4.228763  0.745644
100.000000  -102.321678  46.833141  0.000000  -4.228763  0.745644
100.000000  -107.468613  17.643389  0.000000  -1.604851  0.282978
100.000000  -106.388954  23.766436  0.000000  -2.220329  0.391504
100.000000  -105.309853  29.886341  0.000000  -2.825136  0.498147
100.000000  -104.230637  36.006889  0.000000  -3.390925  0.597911
100.000000  -103.150772  42.131084  0.000000  -3.895071  0.686806
87.500000  108.065704  14.257112  0.000000  1.273384  0.224532
75.000000  108.065666  14.257327  0.000000  1.271896  0.224270
62.500000  108.065643  14.257449  0.000000  1.271117  0.224132
50.000000  108.065636  14.257490  0.000000  1.270895  0.224093
37.500000  108.065636  14.257518  0.000000  1.270732  0.224064
25.000000  108.065628  14.257529  0.000000  1.270666  0.224052
12.500000  108.065628  14.257526  0.000000  1.270696  0.224058
0.000000  108.065628  14.257524  0.000000  1.270718  0.224062
-12.500000  108.065628  14.257526  0.000000  1.270696  0.224058
-25.000000  108.065628  14.257529  0.000000  1.270666  0.224052
-37.500000  108.065636  14.257518  0.000000  1.270732  0.224064
-50.000000  108.065636  14.257490  0.000000  1.270895  0.224093
-62.500000  108.065643  14.257449  0.000000  1.271117  0.224132
-75.000000  108.065666  14.257327  0.000000  1.271896  0.224270
-87.500000  108.065704  14.257112  0.000000  1.273384  0.224532
87.500000  107.217186  19.069317  0.000000  1.750522  0.308664
75.000000  107.217117  19.069685  0.000000  1.748015  0.308222
62.500000  107.217079  19.069901  0.000000  1.746718  0.307993
50.000000  107.217064  19.069996  0.000000  1.746224  0.307906
37.500000  107.217056  19.070045  0.000000  1.745973  0.307862
25.000000  107.217049  19.070070  0.000000  1.745863  0.307843
12.500000  107.217049  19.070080  0.000000  1.745834  0.307837
0.000000  107.217049  19.070080  0.000000  1.745834  0.307838
-12.500000  107.217049  19.070080  0.000000  1.745834  0.307837
-25.000000  107.217049  19.070070  0.000000  1.745863  0.307843
-37.500000  107.217056  19.070045  0.000000  1.745973  0.307862
-50.000000  107.217064  19.069996  0.000000  1.746224  0.307906
-62.500000  107.217079  19.069901  0.000000  1.746718  0.307993
-75.000000  107.217117  19.069685  0.000000  1.748015  0.308222
-87.500000  107.217186  19.069317  0.000000  1.750522  0.308664
-100.000000  107.468613  17.643389  0.000000  1.604851  0.282978
87.500000  105.945633  26.280663  0.000000  2.478718  0.437065
75.000000  105.945572  26.280998  0.000000  2.476557  0.436683
62.500000  105.945526  26.281235  0.000000  2.475339  0.436469
50.000000  105.945511  26.281345  0.000000  2.474901  0.436392
37.500000  105.945496  26.281406  0.000000  2.474714  0.436359
25.000000  105.945496  26.281439  0.000000  2.474643  0.436346
12.500000  105.945488  26.281454  0.000000  2.474615  0.436341
0.000000  105.945488  26.281458  0.000000  2.474608  0.436340
-12.500000  105.945488  26.281454  0.000000  2.474615  0.436341
-25.000000  105.945496  26.281439  0.000000  2.474643  0.436346
-37.500000  105.945496  26.281406  0.000000  2.474714  0.436359
-50.000000  105.945511  26.281345  0.000000  2.474901  0.436392
-62.500000  105.945526  26.281235  0.000000  2.475339  0.436469
-75.000000  105.945572  26.280998  0.000000  2.476557  0.436683
-87.500000  105.945633  26.280663  0.000000  2.478718  0.437065
-100.000000  106.388954  23.766436  0.000000  2.220329  0.391504
87.500000  105.310043  29.885235  0.000000  2.833272  0.499582
75.000000  105.310013  29.885447  0.000000  2.832043  0.499365
62.500000  105.309975  29.885624  0.000000  2.831326  0.499239
50.000000  105.309959  29.885708  0.000000  2.831158  0.499209
37.500000  105.309952  29.885752  0.000000  2.831128  0.499204
25.000000  105.309952  29.885778  0.000000  2.831147  0.499207
12.500000  105.309952  29.885790  0.000000  2.831165  0.499210
0.000000  105.309952  29.885792  0.000000  2.831173  0.499212
-12.500000  105.309952  29.885790  0.000000  2.831165  0.499210
-25.000000  105.309952  29.885778  0.000000  2.831147  0.499207
-37.500000  105.309952  29.885752  0.000000  2.831128  0.499204
-50.000000  105.309959  29.885708  0.000000  2.831158  0.499209
-62.500000  105.309975  29.885624  0.000000  2.831326  0.499239
-75.000000  105.310013  29.885447  0.000000  2.832043  0.499365
-87.500000  105.310043  29.885235  0.000000  2.833272  0.499582
-100.000000  105.309853  29.886341  0.000000  2.825136  0.498147
87.500000  104.356529  35.292919  0.000000  3.336680  0.588346
75.000000  104.356537  35.292881  0.000000  3.337261  0.588449
62.500000  104.356529  35.292915  0.000000  3.337626  0.588513
50.000000  104.356529  35.292919  0.000000  3.338047  0.588587
37.500000  104.356522  35.292923  0.000000  3.338352  0.588641
25.000000  104.356522  35.292923  0.000000  3.338566  0.588679
12.500000  104.356522  35.292927  0.000000  3.338688  0.588700
0.000000  104.356522  35.292927  0.000000  3.338727  0.588707
-12.500000  104.356522  35.292927  0.000000  3.338688  0.588700
-25.000000  104.356522  35.292923  0.000000  3.338566  0.588679
-37.500000  104.356522  35.292923  0.000000  3.338352  0.588641
-50.000000  104.356529  35.292919  0.000000  3.338047  0.588587
-62.500000  104.356529  35.292915  0.000000  3.337626  0.588513
-75.000000  104.356537  35.292881  0.000000  3.337261  0.588449
-87.500000  104.356529  35.292919  0.000000  3.336680  0.588346
87.500000  103.402504  40.703465  0.000000  3.791873  0.668609
75.000000  103.402542  40.703220  0.000000  3.793958  0.668977
62.500000  103.402565  40.703110  0.000000  3.795243  0.669203
50.000000  103.402580  40.703041  0.000000  3.796192  0.669371
37.500000  103.402588  40.702999  0.000000  3.796772  0.669473
25.000000  103.402588  40.702972  0.000000  3.797149  0.669539
12.500000  103.402588  40.702953  0.000000  3.797382  0.669581
0.000000  103.402596  40.702953  0.000000  3.797458  0.669594
-12.500000  103.402588  40.702953  0.000000  3.797382  0.669581
-25.000000  103.402588  40.702972  0.000000  3.797149  0.669539
-37.500000  103.402588  40.702999  0.000000  3.796772  0.669473
-50.000000  103.402580  40.703041  0.000000  3.796192  0.669371
-62.500000  103.402565  40.703110  0.000000  3.795243  0.669203
-75.000000  103.402542  40.703220  0.000000  3.793958  0.668977
-87.500000  103.402504  40.703465  0.000000  3.791873  0.668609
-100.000000  104.230637  36.006889  0.000000  3.390925  0.597911
87.500000  102.925201  43.410362  0.000000  3.997275  0.704827
75.000000  102.925255  43.410065  0.000000  3.999701  0.705255
62.500000  102.925278  43.409920  0.000000  4.001141  0.705509
50.000000  102.925301  43.409824  0.000000  4.002208  0.705697
37.500000  102.925308  43.409771  0.000000  4.002816  0.705804
25.000000  102.925316  43.409740  0.000000  4.003207  0.705873
12.500000  102.925316  43.409718  0.000000  4.003478  0.705921
0.000000  102.925316  43.409710  0.000000  4.003576  0.705938
-12.500000  102.925316  43.409718  0.000000  4.003478  0.705921
-25.000000  102.925316  43.409740  0.000000  4.003207  0.705873
-37.500000  102.925308  43.409771  0.000000  4.002816  0.705804
-50.000000  102.925301  43.409824  0.000000  4.002208  0.705697
-62.500000  102.925278  43.409920  0.000000  4.001141  0.705509
-75.000000  102.925255  43.410065  0.000000  3.999701  0.705255
-87.500000  102.925201  43.410362  0.000000  3.997275  0.704827
-100.000000  103.150772  42.131084  0.000000  3.895071  0.686806
87.500000  102.447670  46.118580  0.000000  4.186042  0.738112
75.000000  102.447723  46.118294  0.000000  4.188355  0.738520
62.500000  102.447746  46.118153  0.000000  4.189643  0.738747
50.000000  102.447762  46.118050  0.000000  4.190655  0.738925
37.500000  102.447769  46.118008  0.000000  4.191166  0.739015
25.000000  102.447777  46.117973  0.000000  4.191504  0.739075
12.500000  102.447784  46.117947  0.000000  4.191782  0.739124
0.000000  102.447784  46.117935  0.000000  4.191894  0.739143
-12.500000  102.447784  46.117947  0.000000  4.191782  0.739124
-25.000000  102.447777  46.117973  0.000000  4.191504  0.739075
-37.500000  102.447769  46.118008  0.000000  4.191166  0.739015
-50.000000  102.447762  46.118050  0.000000  4.190655  0.738925
-62.500000  102.447746  46.118153  0.000000  4.189643  0.738747
-75.000000  102.447723  46.118294  0.000000  4.188355  0.738520
-87.500000  102.447670  46.118580  0.000000  4.186042  0.738112
-100.000000  102.321678  46.833141  0.000000  4.228763  0.745644
100.000000  102.321678  46.833141  0.000000  4.228763  0.745644
-100.000000  108.574356  11.372396  0.000000  1.000068  0.176339
100.000000  107.468613  17.643389  0.000000  1.604851  0.282978
100.000000  108.574356  11.372396  0.000000  1.000068  0.176339
100.000000  106.388954  23.766436  0.000000  2.220329  0.391504
100.000000  105.309853  29.886341  0.000000  2.825136  0.498147
100.000000  104.230637  36.006889  0.000000  3.390925  0.597911
100.000000  103.150772  42.131084  0.000000  3.895071  0.686806
100.000000  10.637369  60.000000  0.000000  0.000000  4.976120
87.500000  10.685977  60.000000  0.000000  0.000000  4.976166
75.000000  10.725239  60.000000  0.000000  0.000000  4.976158
62.500000  10.757366  60.000000  0.000000  0.000000  4.976143
50.000000  10.782326  60.000000  0.000000  0.000000  4.976143
37.500000  10.801134  60.000000  0.000000  0.000000  4.976143
25.000000  10.814345  60.000000  0.000000  0.000000  4.976143
12.500000  10.821977  60.000000  0.000000  0.000000  4.976143
-0.000000  10.824600  60.000000  0.000000  0.000000  4.976143
-12.500000  10.821977  60.000000  0.000000  0.000000  4.976143
-25.000000  10.814345  60.000000  0.000000  0.000000  4.976143
-37.500000  10.801134  60.000000  0.000000  0.000000  4.976143
-50.000000  10.782326  60.000000  0.000000  0.000000  4.976143
-62.500000  10.757366  60.000000  0.000000  0.000000  4.976143
-75.000000  10.725239  60.000000  0.000000  0.000000  4.976158
-87.500000  10.685977  60.000000  0.000000  0.000000  4.976166
-100.000000  10.637369  60.000000  0.000000  0.000000  4.976120
100.000000  86.233406  60.000000  0.000000  0.000000  2.492287
87.500000  86.351089  60.000000  0.000000  0.000000  2.493706
75.000000  86.431282  60.000000  0.000000  0.000000  2.494026
62.500000  86.488548  60.000000  0.000000  0.000000  2.493958
50.000000  86.529999  60.000000  0.000000  0.000000  2.493771
37.500000  86.559570  60.000000  0.000000  0.000000  2.493587
25.000000  86.579552  60.000000  0.000000  0.000000  2.493446
12.500000  86.591148  60.000000  0.000000  0.000000  2.493366
-0.000000  86.594955  60.000000  0.000000  0.000000  2.493340
-12.500000  86.591148  60.000000  0.000000  0.000000  2.493366
-25.000000  86.579552  60.000000  0.000000  0.000000  2.493446
-37.500000  86.559570  60.000000  0.000000  0.000000  2.493587
-50.000000  86.529999  60.000000  0.000000  0.000000  2.493771
-62.500000  86.488548  60.000000  0.000000  0.000000  2.493958
-75.000000  86.431282  60.000000  0.000000  0.000000  2.494026
-87.500000  86.351089  60.000000  0.000000  0.000000  2.493706
-100.000000  86.233406  60.000000  0.000000  0.000000  2.492287
100.000000  79.575745  60.000000  0.000000  0.000000  2.978779
87.500000  79.723557  60.000000  0.000000  0.000000  2.980473
75.000000  79.825516  60.000000  0.000000  0.000000  2.980881
62.500000  79.898476  60.000000  0.000000  0.000000  2.980801
50.000000  79.951569  60.000000  0.000000  0.000000  2.980591
37.500000  79.989685  60.000000  0.000000  0.000000  2.980392
25.000000  80.015518  60.000000  0.000000  0.000000  2.980244
12.500000  80.030533  60.000000  0.000000  0.000000  2.980156
-0.000000  80.035461  60.000000  0.000000  0.000000  2.980125
-12.500000  80.030533  60.000000  0.000000  0.000000  2.980156
-25.000000  80.015518  60.000000  0.000000  0.000000  2.980244
-37.500000  79.989685  60.000000  0.000000  0.000000  2.980392
-50.000000  79.951569  60.000000  0.000000  0.000000  2.980591
-62.500000  79.898476  60.000000  0.000000  0.000000  2.980801
-75.000000  79.825516  60.000000  0.000000  0.000000  2.980881
-87.500000  79.723557  60.000000  0.000000  0.000000  2.980473
-100.000000  79.575745  60.000000  0.000000  0.000000  2.978779
87.500000  72.696068  60.000000  0.000000  0.000000  3.413483
75.000000  72.814606  60.000000  0.000000  0.000000  3.413914
62.500000  72.900070  60.000000  0.000000  0.000000  3.413818
50.000000  72.962692  60.000000  0.000000  0.000000  3.413589
37.500000  73.007957  60.000000  0.000000  0.000000  3.413380
25.000000  73.038757  60.000000  0.000000  0.000000  3.413231
12.500000  73.056679  60.000000  0.000000  0.000000  3.413143
-0.000000  73.062576  60.000000  0.000000  0.000000  3.413116
-12.500000  73.056679  60.000000  0.000000  0.000000  3.413143
-25.000000  73.038757  60.000000  0.000000  0.000000  3.413231
-37.500000  73.007957  60.000000  0.000000  0.000000  3.413380
-50.000000  72.962692  60.000000  0.000000  0.000000  3.413589
-62.500000  72.900070  60.000000  0.000000  0.000000  3.413818
-75.000000  72.814606  60.000000  0.000000  0.000000  3.413914
-87.500000  72.696068  60.000000  0.000000  0.000000  3.413483
87.500000  65.235199  60.000000  0.000000  0.000000  3.792702
75.000000  65.364075  60.000000  0.000000  0.000000  3.793095
62.500000  65.458145  60.000000  0.000000  0.000000  3.792984
50.000000  65.527687  60.000000  0.000000  0.000000  3.792759
37.500000  65.578308  60.000000  0.000000  0.000000  3.792564
25.000000  65.612900  60.000000  0.000000  0.000000  3.792431
12.500000  65.633057  60.000000  0.000000  0.000000  3.792351
-0.000000  65.639702  60.000000  0.000000  0.000000  3.792328
-12.500000  65.633057  60.000000  0.000000  0.000000  3.792351
-25.000000  65.612900  60.000000  0.000000  0.000000  3.792431
-37.500000  65.578308  60.000000  0.000000  0.000000  3.792564
-50.000000  65.527687  60.000000  0.000000  0.000000  3.792759
-62.500000  65.458145  60.000000  0.000000  0.000000  3.792984
-75.000000  65.364075  60.000000  0.000000  0.000000  3.793095
-87.500000  65.235199  60.000000  0.000000  0.000000  3.792702
-100.000000  68.979286  60.000000  0.000000  0.000000  3.601223
87.500000  57.317871  60.000000  0.000000  0.000000  4.118507
75.000000  57.450066  60.000000  0.000000  0.000000  4.118820
62.500000  57.548107  60.000000  0.000000  0.000000  4.118706
50.000000  57.621414  60.000000  0.000000  0.000000  4.118507
37.500000  57.675121  60.000000  0.000000  0.000000  4.118340
25.000000  57.711967  60.000000  0.000000  0.000000  4.118233
12.500000  57.733494  60.000000  0.000000  0.000000  4.118179
-0.000000  57.740585  60.000000  0.000000  0.000000  4.118156
-12.500000  57.733494  60.000000  0.000000  0.000000  4.118179
-25.000000  57.711967  60.000000  0.000000  0.000000  4.118233
-37.500000  57.675121  60.000000  0.000000  0.000000  4.118340
-50.000000  57.621414  60.000000  0.000000  0.000000  4.118507
-62.500000  57.548107  60.000000  0.000000  0.000000  4.118706
-75.000000  57.450066  60.000000  0.000000  0.000000  4.118820
-87.500000  57.317871  60.000000  0.000000  0.000000  4.118507
-100.000000  63.187038  60.000000  0.000000  0.000000  3.874447
87.500000  48.930950  60.000000  0.000000  0.000000  4.391640
75.000000  49.059055  60.000000  0.000000  0.000000  4.391838
62.500000  49.155830  60.000000  0.000000  0.000000  4.391724
50.000000  49.229084  60.000000  0.000000  0.000000  4.391571
37.500000  49.283085  60.000000  0.000000  0.000000  4.391449
25.000000  49.320255  60.000000  0.000000  0.000000  4.391373
12.500000  49.342030  60.000000  0.000000  0.000000  4.391327
-0.000000  49.349197  60.000000  0.000000  0.000000  4.391312
-12.500000  49.342030  60.000000  0.000000  0.000000  4.391327
-25.000000  49.320255  60.000000  0.000000  0.000000  4.391373
-37.500000  49.283085  60.000000  0.000000  0.000000  4.391449
-50.000000  49.229084  60.000000  0.000000  0.000000  4.391571
-62.500000  49.155830  60.000000  0.000000  0.000000  4.391724
-75.000000  49.059055  60.000000  0.000000  0.000000  4.391838
-87.500000  48.930950  60.000000  0.000000  0.000000  4.391640
-100.000000  57.135281  60.000000  0.000000  0.000000  4.117058
87.500000  40.069256  60.000000  0.000000  0.000000  4.612976
75.000000  40.185860  60.000000  0.000000  0.000000  4.613075
62.500000  40.275719  60.000000  0.000000  0.000000  4.612976
50.000000  40.344521  60.000000  0.000000  0.000000  4.612869
37.500000  40.395512  60.000000  0.000000  0.000000  4.612793
25.000000  40.430729  60.000000  0.000000  0.000000  4.612747
12.500000  40.451401  60.000000  0.000000  0.000000  4.612717
-0.000000  40.458214  60.000000  0.000000  0.000000  4.612709
-12.500000  40.451401  60.000000  0.000000  0.000000  4.612717
-25.000000  40.430729  60.000000  0.000000  0.000000  4.612747
-37.500000  40.395512  60.000000  0.000000  0.000000  4.612793
-50.000000  40.344521  60.000000  0.000000  0.000000  4.612869
-62.500000  40.275719  60.000000  0.000000  0.000000  4.612976
-75.000000  40.185860  60.000000  0.000000  0.000000  4.613075
-87.500000  40.069256  60.000000  0.000000  0.000000  4.612976
-100.000000  44.234737  60.000000  0.000000  0.000000  4.511757
87.500000  30.734936  60.000000  0.000000  0.000000  4.783508
75.000000  30.832762  60.000000  0.000000  0.000000  4.783531
62.500000  30.909695  60.000000  0.000000  0.000000  4.783463
50.000000  30.969158  60.000000  0.000000  0.000000  4.783409
37.500000  31.013439  60.000000  0.000000  0.000000  4.783371
25.000000  31.044134  60.000000  0.000000  0.000000  4.783348
12.500000  31.062160  60.000000  0.000000  0.000000  4.783333
-0.000000  31.068123  60.000000  0.000000  0.000000  4.783325
-12.500000  31.062160  60.000000  0.000000  0.000000  4.783333
-25.000000  31.044134  60.000000  0.000000  0.000000  4.783348
-37.500000  31.013439  60.000000  0.000000  0.000000  4.783371
-50.000000  30.969158  60.000000  0.000000  0.000000  4.783409
-62.500000  30.909695  60.000000  0.000000  0.000000  4.783463
-75.000000  30.832762  60.000000  0.000000  0.000000  4.783531
-87.500000  30.734936  60.000000  0.000000  0.000000  4.783508
-100.000000  37.548096  60.000000  0.000000  0.000000  4.661301
100.000000  20.844791  60.000000  0.000000  0.000000  4.904068
100.000000  30.607588  60.000000  0.000000  0.000000  4.783073
87.500000  20.936235  60.000000  0.000000  0.000000  4.904259
75.000000  21.008209  60.000000  0.000000  0.000000  4.904243
62.500000  21.065937  60.000000  0.000000  0.000000  4.904213
50.000000  21.110828  60.000000  0.000000  0.000000  4.904190
37.500000  21.144423  60.000000  0.000000  0.000000  4.904182
25.000000  21.167820  60.000000  0.000000  0.000000  4.904175
12.500000  21.181520  60.000000  0.000000  0.000000  4.904175
-0.000000  21.186100  60.000000  0.000000  0.000000  4.904167
-12.500000  21.181520  60.000000  0.000000  0.000000  4.904175
-25.000000  21.167820  60.000000  0.000000  0.000000  4.904175
-37.500000  21.144423  60.000000  0.000000  0.000000  4.904182
-50.000000  21.110828  60.000000  0.000000  0.000000  4.904190
-62.500000  21.065937  60.000000  0.000000  0.000000  4.904213
-75.000000  21.008209  60.000000  0.000000  0.000000  4.904243
-87.500000  20.936235  60.000000  0.000000  0.000000  4.904259
-100.000000  20.844791  60.000000  0.000000  0.000000  4.904068
-100.000000  30.607588  60.000000  0.000000  0.000000  4.783073
-100.000000  74.391899  60.000000  0.000000  0.000000  3.304729
100.000000  68.979286  60.000000  0.000000  0.000000  3.601223
100.000000  74.391899  60.000000  0.000000  0.000000  3.304729
100.000000  63.187038  60.000000  0.000000  0.000000  3.874447
-100.000000  50.818787  60.000000  0.000000  0.000000  4.329376
100.000000  44.234737  60.000000  0.000000  0.000000  4.511757
100.000000  50.818787  60.000000  0.000000  0.000000  4.329376
100.000000  37.548096  60.000000  0.000000  0.000000  4.661301
100.000000  57.135281  60.000000  0.000000  0.000000  4.117058
